92322.7
92030.734
91785.33
92086.68
92177.3
91719.805
91902.95
91826.9
92546.47
93250.336
93258.766
93216.62
93107.42
93061.25
94057.66
94710.945
94816.12
94497.33
94423.38
94635.65
94514.766
94363.61
94221.65
93266.43
93785.04
93531
93724.5
93135.58
93107.03
93323.71
93163.36
93020.63
92529.805
93600.734
94464.38
93910.71
93555.91
94238.89
94829.15
94374.72
94507.1
94825.31
94796.39
94453.84
94218.195
93750.555
95153.69
94852.14
94303.07
94143.1
94507.3
94116.47
94143.67
94262.65
94223.18
94150.19
94168.77
94044.44
93604.19
93650.36
94218.39
94269.54
94574.73
94105.74
93242.1
93985.43
93791.164
93757.445
93631.195
93573.914
94183.33
94197.89
94144.055
94362.46
94792.17
94678.18
94225.67
94242.53
94131.22
94536.22
94739.484
95070.16
95208.48
95164.6
94711.13
94179.12
93620.086
93874.51
94629.14
94803.664
94349.81
93852.28
90508.63
91225.336
91094.1
91123.8
92385.164
91991.08
92853.766
93111.25
92567.35
92874.65
92204.5
93504.375
93467.4
92600.305
93025.805
92996.305
93116.234
93256.086
93244.4
93788.1
93396.9
92831.93
92810.086
93319.5
93162.78
92926.18
93170.83
93631.195
94092.71
93721.24
93328.695
94169.34
93354.17
93387.7
94016.47
94302.69
94430.85
94746.58
94755.195
94848.88
94803.664
94676.46
94568.79
94066.66
94084.48
94090.99
94847.92
94261.305
93729.09
93979.68
94391
94244.25
94038.69
93840.59
94637.375
94640.44
94791.984
94703.85
94046.16
94215.9
93757.445
94463.23
94567.836
94274.52
94590.63
94414.57
94012.25
94762.29
94515.336
94134.09
93792.51
94150.38
94377.016
94362.65
94388.7
94388.32
94661.7
95433.01
95076.29
94152.87
93775.65
94833.74
95056.94
94849.45
94402.69
94014.93
94513.62
94769.56
94585.84
94334.3
93753.62
93427.93
91648.16
91332.62
90682.2
91501.016
92421.18
91704.09
91544.32
92064.266
92343.2
93321.03
93693.27
93242.87
90337.17
92120.2
93584.07
93609.164
93982.555
93864.16
93905.734
94025.85
94076.81
93944.81
93497.28
93838.1
93586.18
93479.086
93715.875
94105.164
94022.41
93862.44
93729.09
94645.234
94586.23
93600.734
93717.6
93791.93
93391.53
93540.39
93581.96
93688.29
94394.45
94767.65
95023.02
95242.38
94995.055
94859.99
94947.93
95325.73
95121.12
94677.23
94222.61
94540.82
94960.38
94746.766
94316.67
94167.43
94268.97
94180.08
94530.28
94463.23
95348.71
94896.39
94240.04
94234.1
94345.41
95348.33
94624.16
93886.57
94029.11
94297.13
94988.35
94582.2
94066.85
94319.164
94541.39
94083.9
93883.125
94384.3
94701.37
94790.06
94709.6
94619.75
94632.78
94398.28
94276.055
94269.734
94414.19
94440.24
94566.875
94560.17
94533.92
94286.21
90334.11
90836.43
90195.78
90561.51
91469.984
90831.64
92445.7
93067.375
92493.02
92702.61
92956.45
93066.23
93907.266
93381.76
92966.414
93572.58
94404.03
94402.88
94269.35
93879.1
93378.695
93470.27
93688.48
93259.53
93925.27
93455.33
93325.625
93706.49
92801.46
93085
93330.99
93579.47
93722.39
93622
93532.53
93718.94
94526.26
94700.984
94702.32
94755.39
94861.91
94291.766
93344.41
94378.74
95181.84
94960.38
94464.766
94738.53
94432.58
94069.53
94050.56
94132.945
93952.86
94684.51
94694.85
94042.71
93635.984
93784.46
94088.305
94007.08
93700.74
93902.86
93817.6
94081.6
94478.94
94203.26
93948.65
94223.76
94643.31
94705.195
94624.16
93994.24
93394.21
93174.85
93198.805
93455.13
93358.77
94108.04
94852.14
94804.24
94550.2
94780.87
94738.53
94327.78
94905.97
94865.55
94529.516
93787.336
94075.47
94655.96
94693.89
93967.99
90760.18
91752.375
92584.59
92421.945
92761.805
94099.61
94486.414
94952.14
94690.63
94344.64
94115.32
93756.49
93584.64
93540.96
93706.875
93582.92
92972.55
92454.7
92177.11
92653.375
93090.75
92689.58
93013.55
93066.04
92155.65
92223.086
93256.47
92020.586
92519.266
93332.14
93648.44
94448.48
94764.77
94492.16
93763.96
93416.24
94217.81
94896.77
95136.63
94908.46
94803.48
94400.77
94287.55
94850.6
94700.59
94881.445
95179.36
94865.74
94313.61
94220.5
93896.73
93838.68
94054.78
94149.04
94530.28
94637.57
94005.55
93956.695
93858.03
94268.97
94431.81
94547.336
94794.28
94454.414
94379.7
94304.984
93908.99
93921.44
94614
95317.1
94868.42
94446.945
93714.73
93557.44
93594.61
94510.55
94770.91
94514.38
94738.914
94875.125
94704.234
93847.49
93704
94599.06
95061.914
94725.5
94450.77
94370.51
94665.16
94231.805
93961.1
94165.9
91671.52
91104.445
91100.62
91915.41
92911.05
91724.98
91841.07
93117
92982.89
92934.04
93261.06
93318.34
93535.79
93870.1
93973.36
94456.336
94799.45
94661.9
94550.78
94639.29
94598.484
94179.12
93850.37
94081.6
94084.28
94150.19
94223.375
94166.086
94322.805
93515.29
93008.945
93304.36
93620.28
93554.56
93910.33
93985.234
94159.766
94057.27
94243.3
94585.65
94439.86
94602.51
94222.984
93856.49
94108.234
93943.48
94274.33
93891.75
93934.664
94505.375
94168.96
94568.79
94414.19
94466.87
94345.22
94167.625
93989.64
94513.42
94410.734
94680.484
94570.13
94744.47
95058.85
95181.66
95082.61
95189.89
94851.75
93818.56
93685.414
93999.99
94250.96
94249.234
94042.71
94218.77
94428.36
94172.03
93859.18
93263.75
93477.164
94264.37
94304.984
93964.164
93845.38
93335.2
94011.484
93949.03
94166.664
94454.23
94368.97
94111.3
94076.43
92780.39
92365.234
92828.29
93368.92
93269.69
93074.27
94021.64
92791.12
92514.29
92699.55
92002.58
92339.56
92653.945
92437.27
93167.58
93658.78
93502.266
93798.445
93822.39
93672.96
94155.36
93599.97
92907.41
92780.2
93708.41
94100.95
94181.03
94030.836
93915.88
93655.53
93773.16
93691.734
92824.836
93483.11
93411.836
93322.56
93499.2
93760.13
93925.46
93971.25
94127.58
94412.46
94524.16
94606.15
94569.555
94548.29
93880.25
93723.92
93728.33
94203.26
94377.21
94531.24
94722.44
94761.52
94753.664
94380.27
93991.56
94427.59
94522.81
94098.08
94305.56
94596.19
94195.78
94915.93
94719.945
94956.164
94954.055
94942.375
94800.03
94645.62
94950.8
95115.56
95288.37
95382.05
95128.016
94735.27
94665.73
94773.97
94534.5
94258.81
94396.945
94071.83
93962.63
94179.5
93868.76
93986.77
93835.42
93163.164
94002.67
94967.66
94654.62
94721.48
94671.48
92834.03
92016.945
91184.53
90888.92
91524.97
92013.11
91868.85
92507.01
92573.87
92402.98
92862.58
93073.125
92646.67
92211.59
91980.93
91264.03
91447.76
91090.46
91601.984
93163.36
94037.34
94269.16
94167.625
93918.19
93550.734
92604.52
93361.65
93930.445
94440.05
94752.13
94418.98
94213.6
93776.414
94129.5
94224.14
94124.71
93829.87
95291.43
95341.43
95032.22
94190.61
94350.77
94031.6
94614.195
94882.79
95126.67
94914.78
94750.22
95195.06
95175.14
95008.66
94635.266
94681.63
94640.63
94692.55
94302.49
94172.22
93871.63
94137.93
94775.125
94976.086
94599.06
94161.3
94277.78
93563.76
94127.39
94400.2
94008.04
93771.44
93419.88
94861.52
95339.13
94704.05
94152.484
94797.34
94590.25
94942.76
94854.625
94705.77
94762.86
94529.13
94386.984
94642.74
94456.91
93447.86
92901.664
93421.61
94092.71
94056.51
93994.24
94008.61
94121.64
92832.31
92623.68
92321.94
93194.78
93335.4
93395.17
93368.92
92871.97
92316.38
92086.68
91801.61
92548.01
92049.516
92568.12
93097.45
93551.695
93573.914
91733.21
92399.72
93746.72
93739.63
93285.78
93678.516
94468.59
94268.01
94267.24
94542.55
94792.555
94778.57
94281.61
93896.16
93510.695
93894.81
93959.56
93930.26
94323.57
94424.15
94319.35
94664.39
94821.484
94522.81
94405.76
94243.87
94286.21
94423.38
94425.875
94642.36
94708.26
94610.555
94813.44
94935.48
94447.91
94464.38
94600.21
94769.95
94726.66
94463.805
94227.2
93952.09
93682.16
94130.45
94376.63
94819.95
94143.87
93833.89
93956.31
94046.734
94045.39
93766.07
93411.266
93182.71
93790.98
94573.58
95316.14
95433.39
94547.91
94082.75
94125.664
95056.555
94604.805
94098.46
94387.17
94274.33
94213.02
94006.88
93618.36
93405.33
93228.69
92774.45
92818.13
93588.86
93912.055
92788.82
92623.1
93535.6
92728.86
92889.78
93374.29
93166.234
92532.87
90496.76
90247.125
91170.35
90972.836
90562.47
91482.44
92938.25
93204.55
93355.9
93715.49
93638.48
93468.734
93484.445
93020.055
92985
92902.05
93876.61
94455.76
94106.31
94227.97
94509.78
94250.58
93540.96
93454.945
94097.5
94335.445
92905.11
93598.055
94393.11
94226.24
94282.19
93908.61
95041.03
95510.02
95234.15
94876.27
94957.89
95001.19
95104.26
94972.06
94719.18
94830.3
94657.3
94541.78
94399.82
94017.62
94488.9
95005.016
95306.76
95482.24
95426.11
95240.664
94567.64
94163.02
94059.57
94554.42
95080.5
95148.125
94953.29
94702.32
94711.9
94371.27
94617.64
94373.57
94197.89
94103.83
94559.016
94757.69
94780.68
94769.76
94441.96
94591.78
94493.12
93976.62
93581.58
93430.42
93578.516
94467.25
94835.664
94634.5
93925.27
93761.086
92771.39
92569.27
93446.32
93666.83
93282.52
92364.086
91488.95
90767.266
90430.28
91692.41
92548.39
93056.84
93395.94
93228.5
92144.54
92440.72
92363.32
91794.91
91023.8
92351.83
92846.87
93263.94
93426.59
93135.39
93140.945
93303.21
93565.87
93747.3
94122.984
94309.77
93975.47
93909.945
94368.586
94555
94382.96
94254.6
94556.72
94915.93
93942.13
93828.91
94935.86
94825.31
94583.734
94567.836
94959.42
94647.72
94997.734
94853.86
94906.164
94765.16
93791.93
93346.51
94354.03
94755.01
95442.78
95528.03
95466.914
95211.92
94710.945
94504.99
94294.26
93869.52
93031.94
93871.82
93999.23
94121.45
93483.68
93656.1
94148.66
94685.84
95182.61
95134.91
95051.38
95247.37
95010
94832.02
94544.266
94570.32
94576.836
94802.71
94204.02
93948.07
94151.15
93901.71
93356.664
93597.67
93841.17
93820.09
94407.29
94320.695
93482.53
93958.8
94263.414
94359.39
91979.97
91314.99
90988.55
90987.2
91569.414
91141.62
92082.85
91883.984
91610.22
91849.31
92552.03
92475.016
92367.34
92596.664
92165.23
92003.73
92646.48
93628.32
94335.445
94128.92
93855.16
93720.28
93965.31
93103.016
93238.266
93894.43
94302.49
94322.42
94635.46
94232.95
94472.81
93825.08
93800.17
93709.94
94646.38
94711.516
94597.336
94318.78
93920.67
93533.49
93633.305
93641.93
93267.39
93144.97
92942.086
92634.02
93525.06
94053.82
94552.31
94833.555
94023.17
93797.11
93645.56
94353.07
94540.82
94594.08
94174.516
94411.31
94453.266
94661.7
94583.16
94188.89
93667.984
94638.14
94755.39
94189.66
92891.31
93163.94
93363.18
94298.086
93544.03
93325.24
93641.16
93735.414
94282.57
94427.59
94892.37
94400.01
93913.78
94104.98
94139.266
93979.11
94132.18
93422.19
93291.91
93283.86
93649.016
94466.68
94921.11
94167.05
94073.555
93844.234
92989.59
92966.8
92624.445
92114.266
91460.59
92653.76
92748.97
92861.62
92785.76
91902.766
91337.6
91887.82
90808.266
91517.305
92033.99
92435.164
93037.49
92807.02
91766.74
91837.82
93484.26
93980.83
93630.05
93957.46
93880.63
93237.88
93366.625
93474.68
93096.5
93607.63
94078.34
94541.01
94938.92
93697.1
93204.93
93102.24
92393.016
92985.38
94700.79
94780.1
94738.72
94539.67
94672.055
94552.51
93868.56
93654.57
93552.84
93591.92
93236.55
93456.86
94208.05
94760.75
94619.945
94611.9
94220.305
94156.32
93530.81
92743.03
92657.97
93765.305
94311.305
93922.4
93483.3
94085.24
94479.9
94928
93346.32
94030.07
94572.05
94578.75
94105.36
93768.945
93848.836
93300.53
94148.08
93834.46
93581.58
93278.69
94152.484
94294.06
94393.49
94749.836
94416.67
93803.43
94038.5
94043.09
93740.016
93346.32
92720.234
93197.84
92779.24
92430.375
92429.03
92267.15
91575.93
90981.45
90819.19
90970.53
91984.95
92602.6
92016.56
91298.71
91931.88
92427.5
92963.35
93764.34
93212.79
93007.984
92781.16
92978.1
93011.24
93645.56
93575.64
93638.67
94076.81
93980.64
93516.63
92712.766
92897.83
94204.41
94454.8
94196.94
94518.21
94848.12
94700.41
94124.33
93695.375
93678.33
93485.21
93344.79
93239.414
93472.76
93896.73
93290.19
93134.24
93266.62
94019.914
93358.96
93266.43
93628.516
94269.54
94375.68
94464.19
94404.61
94669.18
95150.81
94889.875
94817.84
95051
94322.23
93930.26
93863.77
93487.7
94014.74
94417.06
94614.96
94777.805
94507.87
94432
94750.984
94903.67
94471.66
94408.44
94513.62
94523.195
94481.81
94353.45
94149.61
94040.22
93517.016
93623.53
93993.09
94068.58
93583.11
93581.195
94015.695
94357.48
94342.34
94371.08
94861.91
94737
94876.66
94745.81
94662.28
92483.25
92588.05
92772.73
93008.945
93585.6
93454.945
93355.516
93546.91
92997.07
92461.6
92797.83
92627.32
91983.99
91464.234
91902.57
92598.01
92795.14
93542.11
92454.7
93273.9
92863.92
92272.7
92806.83
93070.63
91836.09
91953.53
93780.82
94490.82
95048.89
94668.8
94592.93
95243.34
94700.41
93722.58
92918.91
93813.01
94044.055
94289.85
94556.72
94665.34
94662.86
94404.99
93695.76
92746.1
93622.195
94399.44
94423.19
94533.734
94276.25
94619.17
94118.38
93944.43
93700.36
93536.94
93876.23
94219.16
94567.836
95011.914
95387.414
95147.17
95002.14
94996.2
94440.24
93836.766
94541.97
95170.16
95103.875
94613.234
95058.28
95038.734
94991.03
94657.875
94284.87
94031.02
95047.74
94886.05
94538.52
93953.44
93666.64
92884.805
92968.91
93636.56
93969.72
94058.04
93995.77
93815.88
93456.28
93888.68
94131.984
93351.3
92990.74
93227.34
90942.56
90493.88
92196.266
93431.19
93486.17
92917.56
93099.375
93014.31
92402.02
90791.22
91629.375
91807.36
91569.03
91666.55
91509.836
92505.664
92956.07
93371.99
93663.96
93236.16
92877.33
93143.625
93616.64
93950.945
93595.375
93206.47
93636.56
94371.46
94753.48
95203.69
95312.12
95139.125
94699.26
94608.445
94169.16
93654.57
93488.664
94015.125
94150.95
94642.55
94385.26
94788.34
94842.17
95127.63
95039.695
94754.24
93808.41
93977.38
94363.03
94965.36
94658.26
93909.18
93766.07
94433.53
94856.734
94852.14
94333.336
94472.81
94521.47
94483.92
94481.234
94292.34
94106.51
94091.18
94259.01
94397.9
94587.945
94721.29
94377.016
94109.766
94266.09
94339.85
93976.04
93194.2
92660.08
93812.24
94197.7
94922.26
95004.83
94778.375
94532.195
94014.93
92975.04
93968.95
94302.69
94572.43
94528.75
93555.52
92893.04
93215.28
94101.91
93898.07
93962.055
93860.9
93210.3
92527.51
92959.9
93049.18
92161.4
92555.86
93209.914
93488.664
93348.81
93367.97
93495.56
93543.266
92950.32
92646.28
92816.02
92816.22
92873.5
92927.91
93536.75
94103.63
94329.31
94128.34
93295.36
93426.4
93443.06
93030.21
92902.81
92916.22
93061.25
92965.46
93019.484
93430.805
92714.87
93842.32
94315.71
94782.21
94548.67
93821.44
93711.086
93854.77
94239.66
94361.88
94066.66
93707.445
93160.68
94256.32
94086.2
94376.06
93950.56
94040.22
94498.29
94612.664
94147.51
93837.53
93863.01
94241
94569.555
94643.51
94542.164
94634.12
95093.336
95178.78
95217.29
95427.26
95219.78
94767.266
94667.65
94523.38
94175.09
93894.62
93672.39
93558.4
93369.88
93826.99
93792.125
93778.91
93880.83
93703.805
93554.945
93213.17
93152.82
93305.125
93215.664
93216.43
93119.484
92603.76
92393.59
93488.664
93889.26
93886.95
90120.875
90454.42
91090.27
92106.6
92442.25
91954.49
92280.75
92053.73
92323.664
92445.7
91952
89717.22
92175.95
93288.66
93698.83
93185.39
92651.08
92353.94
92356.04
92039.36
93014.88
92466.2
92641.305
93103.4
94479.13
95158.48
94770.72
93328.695
92584.59
92519.84
92323.86
93420.266
93142.48
93905.16
93432.15
93425.25
92899.94
92457.77
92236.69
93852.664
94324.91
94626.65
94182.56
93110.484
93160.68
94096.93
94598.3
94363.8
94381.234
94348.28
94214.75
93825.65
93287.695
93700.164
94182.56
94195.59
94108.42
93785.04
91613.67
92774.64
94047.12
94340.62
93735.414
92014.836
93880.83
94165.516
94090.8
94417.25
94056.31
93909.945
94687.766
94056.125
93870.484
94566.68
94763.44
94594.84
94339.85
93564.15
92420.984
93861.86
92638.05
93690.4
93940.6
94673.586
94229.5
93810.13
93549.586
91814.445
92872.35
93818.945
94341.58
93423.91
93524.1
93374.67
93047.65
93349
93539.43
92423.67
91655.625
91922.875
91422.086
92751.27
93173.9
93381.375
92992.85
92211.59
92926.76
93209.72
92415.05
91794.71
92289.76
92442.06
93076.95
93590.01
93116.42
93059.91
93683.305
93560.89
93361.45
92813.53
92306.234
91808.125
92837.484
93568.36
93603.61
93904.2
94243.1
94328.55
94788.34
94858.84
94989.69
94458.44
93820.86
94126.625
94553.66
94964.02
94949.84
95274.19
95410.4
95179.74
94554.61
94488.71
94561.125
94913.25
94375.1
94800.8
94492.734
94828.19
95068.81
94680.67
94678.76
94318.016
93934.086
93352.83
93741.93
93523.15
94439.86
94433.92
94607.875
94049.03
94192.91
94243.87
94279.89
94259.77
93923.74
94353.836
94011.67
94050.18
94400.586
94759.03
94426.64
93860.9
94234.87
94378.36
94288.89
93965.51
94023.74
94172.8
93970.1
93790.98
93648.25
93518.164
93636.945
93657.06
92763.34
93517.016
93167.766
92985.38
92308.15
92871.2
93384.63
93417.39
93162.78
93421.61
93760.32
94095.97
93335.78
92580.766
93038.64
93697.484
93756.875
93481.19
93102.44
93588.86
93687.91
94092.91
93501.12
93024.66
92690.92
92850.89
92903
93109.14
93651.695
94054.97
93344.59
92562.375
92066.76
92917.37
93641.16
94395.22
94476.06
94928.195
95313.27
94753.09
92639.195
93945.96
94504.61
94549.82
94547.72
94495.99
94963.06
94332.95
93544.8
93682.35
94644.84
94930.49
95087.016
94764.39
94666.11
95514.05
95717.31
95688.195
95131.08
94465.53
94617.26
94307.86
94281.61
94292.53
94302.875
94754.81
95092.766
94797.34
93946.54
94927.81
94766.5
94605.766
94689.3
94613.05
94561.51
94165.9
94703.28
95047.55
94673.39
94118.58
94641.4
94317.24
93994.24
93970.3
93826.03
94534.305
94073.37
93700.36
93964.36
94261.69
94485.836
94159.38
94719.76
94610.75
94427.79
94205.555
93767.03
93483.3
92563.14
91724.59
92992.47
93529.47
92429.414
91474.195
91999.89
92148.56
93730.24
94068.96
94297.516
94351.73
94713.625
93691.734
93964.93
93804.96
93477.164
94388.13
94319.35
94400.586
93014.88
94034.28
93667.79
92408.914
93464.52
94591.97
94994.484
95146.21
93200.52
94216.48
94758.07
94245.79
93972.4
93791.93
94453.46
94539.09
94628.18
94490.05
94442.54
93667.02
94907.5
95318.06
95456
95145.83
94944.86
95062.3
95147.74
95093.72
94783.36
94526.26
94187.35
93751.89
94344.45
94464.766
94501.35
94533.734
94701.17
94963.64
95555.62
95604.47
95239.32
94671.67
94507.1
94346.17
94562.85
94596.95
94815.93
94588.72
94053.25
94424.72
94991.03
94993.14
94125.664
92869.48
94667.836
95382.24
95369.02
94632.586
94033.71
93671.43
93987.34
94909.805
95244.49
95172.46
94823.4
94586.61
92814.49
92689.58
93060.87
93562.61
93566.25
93568.94
93880.445
93448.24
93939.64
94230.08
94404.99
94719.945
94866.695
94568.02
94046.35
93927
93961.87
94145.016
93939.07
93922.78
93569.51
93252.06
91876.71
91961.58
92590.15
92185.92
90595.61
92951.086
93048.984
93397.47
93581.96
92398.766
93993.86
94344.45
94567.45
94377.016
94091.56
93980.26
93690.016
94042.91
94208.43
94652.89
94942.375
95158.664
95121.5
94846.77
94194.25
94893.33
95264.99
94979.92
94286.78
93965.89
93771.24
94428.555
94356.33
95067.664
95331.47
95040.65
94793.9
94756.92
94508.83
93043.81
92468.12
93330.414
94132.945
94325.1
93829.1
93869.72
94022.41
94138.31
94007.46
93710.9
93714.53
94046.35
93942.7
94225.86
94130.65
94045.01
94570.13
94393.305
93376.2
91783.41
93294.016
94223.945
94389.28
94661.9
94460.55
94538.52
94011.87
93031.36
92313.125
93377.164
92631.53
92103.34
92520.23
93173.13
93240.95
93538.09
93599.97
93366.24
93391.72
93700.164
94030.07
94387.94
94392.73
94177.97
94297.32
93905.54
94132.56
94048.08
93772.77
94096.734
94449.055
94235.44
93802.28
93771.44
94207.28
93483.68
94718.61
94724.734
94691.78
95051.766
94912.87
93879.3
92754.14
92869.48
94220.69
94662.09
94578.37
94329.125
94550.4
94414.375
93983.516
93324.09
93142.09
93269.875
93304.36
93537.32
93942.516
93852.47
93504.56
93854.96
94439.28
94501.35
94443.88
94706.16
95064.22
94824.164
94277.78
93554.76
92615.63
93757.83
94008.42
92772.16
93802.28
94218.01
95416.15
95026.664
94458.63
94359.39
94853.29
94656.34
94654.43
94725.695
94804.24
94578.75
94301.34
93751.125
94285.25
95218.82
95210.39
94827.42
94128.16
94018.95
94488.33
93863.01
93820.09
93688.67
93444.984
93112.98
93877.76
93385.21
94028.53
93974.51
91657.16
93431.95
93932.94
93989.64
93995.97
93481.38
93463.56
93438.66
94231.99
94234.87
94181.03
94232.57
94605
94895.44
94663.43
94501.55
94094.44
93784.46
92709.125
92622.914
93243.44
92351.63
92111.01
92947.06
93147.65
92948.02
92647.055
93325.625
93408.97
93570.086
94367.44
94047.31
93413.56
92806.445
92705.67
93814.54
94044.24
94034.28
94280.08
94281.04
94222.984
94512.086
94531.43
94715.54
94802.71
94244.445
93826.61
93735.61
94241.38
94159.58
93940.22
93949.6
93782.164
93448.625
93135.77
93032.51
94229.31
94233.336
94409.2
94636.23
94533.734
94436.6
94477.79
94651.74
94869.95
94825.7
94395.03
93548.82
93559.734
94066.47
94109.95
94041.945
93464.52
93831.4
94198.086
94309.97
94149.61
94115.125
93532.53
94211.49
94580.28
94418.59
92940.36
93015.65
94221.266
94096.734
93303.98
92716.21
93177.34
93644.414
94277.586
93867.414
92545.13
91584.55
91979.586
92910.09
92605.09
92210.44
92660.66
92454.516
92824.07
93685.23
93997.5
93662.04
93975.66
94431.43
94383.15
93868.375
92449.73
92306.04
92816.41
93140.945
93668.37
93879.87
93643.08
93488.47
93729.48
94133.14
94180.08
93310.11
93427.36
93501.12
93991.75
94593.31
94473.38
94297.32
94265.516
93904.586
93871.44
94030.836
94452.88
94302.875
94238.51
94548.67
94860.375
94583.16
94655.58
94431.43
94335.64
94302.49
94124.516
94130.65
94348.48
94619.37
95018.62
94994.484
94814.97
94736.234
94943.91
95158.86
94565.53
93711.47
94196.55
95164.8
94966.32
93984.086
93699.4
94112.445
94330.85
94115.9
93992.71
93583.11
93039.41
93084.81
93327.734
93369.305
94256.13
94319.734
93852.664
93845.96
94146.93
94007.46
93950.37
93817.22
93696.336
93541.16
94569.555
94316.48
94034.09
93902.86
93946.34
94375.1
94553.27
94432.38
91870.96
91513.086
91990.31
92512.18
92785.945
92531.53
93270.45
93222.555
93486.94
93755.34
93808.02
93703.42
93408.77
93451.305
93732.35
93211.445
93580.81
93041.516
93553.8
94175.28
93832.74
94349.625
94451.16
94138.695
93954.586
94083.9
93824.31
93586.56
93840.98
94535.65
94190.61
92671.57
92096.26
94564.766
94437.75
94710.18
94742.94
94566.68
94464.19
94153.25
94017.04
94653.28
94524.34
94403.65
94181.03
94321.08
94354.22
93934.47
94540.625
94639.1
94775.31
94742.94
94799.836
94554.42
94311.305
93619.51
94457.67
94653.66
94011.67
93965.31
93975.27
93520.27
94320.695
94933.945
95207.9
94390.05
94911.91
94474.34
94098.46
94187.55
94247.89
94456.91
94097.31
94348.28
94332.95
94267.055
94740.445
94877.234
94877.234
95048.89
95058.47
94948.695
95007.7
94673.77
94365.14
94138.5
94745.43
94706.54
94636.805
94402.12
94467.83
94692.17
92439.95
92309.1
91981.88
92149.516
92297.99
92007.75
92151.625
93159.914
93066.805
92980.78
93879.484
94508.83
94168.195
93305.9
93099.375
93338.08
93358.39
92950.7
92793.23
92834.61
93115.84
93431.95
93439.43
93828.72
93617.41
93928.53
94400.77
94433.92
93105.695
94324.52
94258.81
93845.96
94086.01
94445.6
94948.5
95281.85
95504.66
94855.97
94590.44
94526.26
94737.38
94331.62
93672.77
94265.33
94671.48
94596.95
95129.35
95097.555
94804.44
94861.14
94682.97
93990.41
93763.96
93768.37
93526.98
93523.914
94346.555
94385.26
94640.055
94436.41
94266.67
94891.984
94846.77
94219.16
94037.54
94700.21
94868.23
94257.28
93929.484
93760.13
94076.81
93769.71
93669.7
94019.15
94582.77
94672.24
94764.39
94720.14
94338.125
94391.96
94692.36
94564.58
94264.75
94317.625
94757.5
94101.91
94591.4
93998.84
93634.07
94082.945
94115.9
93763.96
94417.83
94552.51
93892.7
93781.016
93420.65
93679.86
94057.84
92627.125
91904.87
92329.6
92429.23
93428.125
92939.41
92033.805
93071.4
93482.15
93882.55
92588.234
94139.84
94409.2
94179.12
94004.78
93668.94
93386.164
93174.664
93663.58
94080.836
93948.266
93910.14
93824.88
93797.68
93700.93
93833.31
93773.54
93480.42
93799.59
94067.42
94032.75
93987.34
93860.516
94232.95
93586.18
93703.42
93535.02
93942.32
94310.35
94527.02
94376.06
94344.64
94471.66
94317.055
93795.95
93689.63
93452.07
92961.05
94186.016
94678.76
94336.21
93745.38
93607.83
94198.086
94787.38
94699.06
94437.555
95051.766
95194.3
94380.66
93958.61
94081.6
94039.07
94108.62
94553.46
94662.28
94363.414
94298.47
94516.11
94994.1
95095.25
95207.71
95127.63
94879.15
94469.36
93955.92
93934.664
94194.83
94245.98
93504.56
93118.72
92969.29
92962.2
93336.93
93463.945
93950.37
93521.62
92818.9
93070.63
93199.57
92685.945
91949.7
91470.17
91150.05
91265.76
91294.69
91669.04
91020.34
91323.805
91688.766
91479.945
91455.04
92519.08
93132.32
92799.55
92849.17
92723.68
92252.586
92690.35
92790.164
91534.93
92132.086
91998.94
91767.125
92318.68
94024.32
94405.56
93820.67
92998.79
93275.625
94145.98
94472.62
94747.15
94599.06
94949.46
95107.13
94990.46
94956.164
95203.49
95061.34
94639.67
94311.12
94402.5
94567.26
95176.29
95211.16
94792.37
94758.07
95296.03
95764.25
95936.29
95906.59
95741.836
95365.38
95258.86
95105.59
95127.25
94947.164
94515.336
94289.086
94373.19
94691.78
94867.27
94865.36
94509.016
94465.336
94292.53
94268.77
94510.55
94419.74
94318.97
94611.516
94743.7
94913.83
95076.86
94951.19
94647.336
94803.664
94072.02
94827.234
95321.7
95348.14
95055.98
94645.234
94174.71
94300.58
93851.32
91572.09
91774.59
91103.3
90687
92022.88
91916.17
92226.34
92143.77
92490.72
93523.53
93920.484
93753.04
93643.65
93352.64
93547.48
93431.766
93336.164
93359.16
93189.414
93198.805
93157.805
93235.77
93701.89
94152.484
94177.77
93968.19
93699.21
93979.875
94077.195
94607.3
94861.52
95151
94336.98
93130.41
93405.71
93738.484
94366.87
93847.875
93963.2
94375.87
94321.266
94014.164
94594.08
94970.53
95010.95
94988.92
94889.875
94637.57
94689.68
94829.15
94817.266
94590.44
94577.8
94971.11
95069.58
95339.33
95255.6
94843.516
94545.03
94431.05
94429.32
94475.11
94281.42
94402.5
93861.29
93143.055
93849.02
94260.54
94809.414
94679.72
94364.18
94389.664
94114.17
94490.05
94754.81
94801.945
94187.55
94626.65
94372.99
93923.36
94143.29
94398.664
95240.47
95241.05
94958.84
94154.59
94057.66
94313.22
94598.484
94653.47
93257.62
93104.35
93047.836
93387.7
92653.945
92260.83
93092.664
93901.13
94129.88
93890.59
93764.73
93217
93000.9
93197.08
92593.984
92977.14
93710.516
93459.54
93148.03
93366.44
93430.23
93489.05
94163.22
94409.586
94317.055
94501.55
94216.664
94804.44
94466.484
93775.266
94090.61
94287.94
94508.63
94473.766
94636.23
94978.39
94706.54
94597.72
94514.57
94604.234
94723.97
94782.78
94820.14
94743.89
94465.72
93976.805
94554.61
94950.61
94805.586
94757.88
94674.35
94774.74
94924.17
94733.36
94496.76
94539.09
94197.51
94549.82
94255.17
93540.77
94962.484
94846.96
94971.49
94964.02
94603.47
94473
94577.414
94392.54
94183.14
94155.36
94369.74
94486.6
94556.53
94580.09
94402.5
94092.14
94282.19
94571.86
94808.07
94914.4
94684.31
94416.67
94052.1
93578.32
93848.45
94192.91
94515.53
94710.56
94425.3
93709.74
93981.41
94555.38
94097.695
93665.3
91047.36
91193.53
91961
92889.4
93541.16
93843.66
94581.82
94590.44
93777.18
93692.695
93922.016
94215.516
93950.37
93954.97
93812.43
93126.58
93749.59
93179.836
93554.18
94162.45
93723.54
93908.8
94512.086
94935.86
94813.25
94751.555
94928
94707.11
94631.44
94673.97
93869.72
93440.766
92701.08
92958.945
93887.53
93800.36
94286.016
95072.836
95291.625
95199.664
94919.57
94846.96
94937.77
95247.75
94850.22
94581.44
94656.914
94735.66
94309.77
94152.87
94252.68
94258.05
94857.5
95116.516
94947.55
94847.34
94833.74
94295.41
94331.62
92618.31
94367.82
95102.73
95439.33
95375.15
95150.234
94985.67
94809.23
94753.664
94966.125
94631.625
94306.33
94592.55
95176.87
94993.52
94504.61
94445.984
94374.53
94367.25
94265.91
94773.586
94964.02
94790.445
94055.164
94315.14
94745.81
94562.85
94334.875
94259.77
94104.98
94189.08
93949.22
94043.67
91565.58
90894.48
90317.055
91918.086
91989.36
91038.734
91231.66
91924.03
91070.54
91868.85
92134.38
91416.34
90675.12
91042.57
90581.44
92311.02
92202.586
92575.21
93082.32
92830.586
91814.06
91395.08
91918.86
92757.016
93152.63
93660.7
94093.67
93997.5
94155.94
93884.66
94153.63
94701.555
94604.234
94675.31
94299.62
93491.73
92829.625
93498.24
93845
93540.96
94493.12
94573.58
94616.69
94827.62
94311.69
93737.91
94592.93
94735.27
94426.26
94455.95
94351.34
95051
94757.69
94081.22
93875.08
94141.57
94429.125
94536.8
93977.58
93583.69
94152.68
94389.086
94477.984
94415.336
94727.04
94933.56
94902.33
94634.88
93771.625
94300.39
94711.71
94575.305
94786.04
94755.01
93454.56
94017.805
94910.19
94976.47
94650.98
93947.88
94593.89
94159.195
93683.5
94789.11
94827.42
94684.51
94950.03
94593.31
93841.555
92965.07
94204.21
94431.234
92974.84
93878.336
94352.69
93193.055
91827.85
91028.586
91725.555
91837.82
92777.516
93288.08
93136.92
93092.28
93183.86
93700.93
93986.39
93751.51
93616.83
93301.3
93867.23
93501.305
92733.836
92445.125
93309.53
93541.92
93614.72
94016.08
94231.03
93540.58
93862.82
93818.945
92962.39
93274.86
93053.39
93741.36
94615.34
94483.16
94762.09
94938.734
94416.1
93872.97
94416.484
95011.73
94939.88
94496.18
94213.41
94826.47
94830.68
94927.62
95134.336
94903.29
95274.38
95424
95291.625
94930.875
94788.53
95381.086
95703.71
95578.03
95086.055
94824.93
94692.94
94362.266
94415.72
94496.375
94514
94651.555
94814.4
94731.25
94354.984
94102.484
94152.484
94904.44
94653.85
94469.555
93721.05
94339.086
94264.75
94259.77
94237.55
94789.68
95013.445
94873.21
94261.11
93723.16
92917.75
92631.73
92204.12
92933.84
93123.32
93651.125
93700.93
93830.055
93827.57
93201.87
93618.74
94202.3
94274.14
93980.06
93638.09
93925.85
93879.1
93428.51
93254.36
93568.36
92880.97
93046.49
93688.29
93036.15
93383.484
93547.86
94329.695
94438.71
94660.17
94849.836
94156.32
93780.25
93870.87
94756.34
94705.58
94876.47
95055.79
94885.86
94601.55
94334.875
94530.28
94920.34
95079.16
94674.16
94498.09
94333.914
94507.484
94476.445
94363.8
94551.93
94363.03
94370.125
94361.12
94169.16
94325.484
94663.625
94512.27
94182.945
94691.59
94538.91
94508.83
94407.09
94922.26
94984.516
94638.91
94398.664
94049.99
93704.57
94382.19
94213.79
94547.72
94353.836
94582.97
94936.05
94987.586
94957.31
94815.93
94482.39
94591.016
94781.445
94396.56
93964.55
93900.37
94592.734
94837.195
95043.14
94975.516
94606.15
94398.86
94871.68
94737
94822.06
94516.3
95229.55
95165.37
94885.86
94293.68
94270.5
93302.83
93581.39
93126
92424.44
92546.85
92963.734
92592.26
92264.66
92168.68
92235.92
92252.78
92464.28
92007.17
92482.484
92985.766
92832.12
92986.914
93178.11
92814.3
93366.82
94109.95
93284.82
94493.88
94176.44
93292.484
92426.35
92021.92
92004.49
92765.83
93495.18
93306.086
93408.01
93529.85
93059.91
93290.57
93394.02
93864.16
93771.44
93490.38
93306.85
93500.16
93358.195
94026.62
93949.984
94036.58
94342.53
95021.11
94745.234
94434.69
94908.66
95127.63
95204.836
94942.56
94849.45
94891.03
94869.38
94791.59
94772.82
94978.195
95016.7
94922.83
94248.66
94107.85
94099.61
94537.76
94255.75
94022.21
94533.35
94554.61
94204.59
93700.55
93561.08
93558.78
95275.15
95505.42
94879.34
94397.516
94369.164
94526.45
94331.805
93826.414
94240.805
93573.914
93139.984
92795.14
92739.77
93583.305
94454.03
94967.47
94756.16
94334.68
94601.94
94340.43
93738.29
93502.266
93500.54
93738.67
94229.695
94474.914
94311.88
93453.8
93580.234
93363.56
93545.945
93911.48
93866.84
93848.26
93715.69
93451.11
93364.33
93272.56
93523.72
93571.42
93117.19
92861.234
93403.41
92908.555
92779.625
93244.016
93455.33
93853.81
94196.74
94555.95
94597.914
93539.24
94324.336
94486.414
94240.04
94502.89
94139.266
94067.04
94523.38
94677.99
94573.77
94081.414
93903.43
93879.87
93301.11
93098.6
93274.48
93352.06
94392.73
95123.8
95118.24
94955.98
94931.836
94635.84
94522.43
94004.2
93254.74
93681.39
94281.805
94551.36
94910.76
95207.71
95117.28
94860.95
94106.51
94061.1
94456.91
94406.71
93773.54
94683.35
94908.84
94553.84
94840.64
94824.164
94159.195
93890.21
93242.484
94264.56
94758.07
94555.57
93871.055
93240.76
93581.195
94741.41
94313.414
93748.83
93466.44
93855.73
94103.06
94066.47
93412.984
92759.51
93001.48
91272.27
92093.195
92392.25
90164.555
93077.73
93348.04
93059.52
93861.29
94207.086
93791.93
93879.484
94115.32
94277.016
93890.79
93841.17
93490.195
92975.04
92194.734
93611.27
93532.73
93196.31
93462.8
93459.54
93148.99
93371.414
92844.95
92277.875
90633.93
91675.36
92940.555
92645.9
91781.875
92508.16
92752.42
93843.086
94172.6
94037.54
93915.88
93799.41
93181.56
94265.71
94168.39
93918.76
93580.81
93079.83
93932.94
93936.38
93686.56
93756.875
94370.51
93892.7
93496.33
92517.35
94053.25
95042.375
94746.58
94661.13
94379.125
94611.7
94032.75
94309.97
94248.85
94450.39
94006.5
93095.734
94266.48
93039.79
92916.03
93289.61
93707.445
92445.125
94854.82
94868.23
95313.66
94820.91
94369.164
94294.64
94364.76
94595.23
94556.336
93991.75
93686.945
93467.97
93548.82
93109.91
93270.07
93481.38
94335.83
94370.89
94895.44
94613.05
94153.83
92829.44
92237.836
92231.516
92481.14
91922.305
93708.21
93252.445
94224.71
94914.016
94595.04
94049.23
94231.03
93973.74
93214.7
93216.81
93671.05
94650.98
94712.28
94663.05
94834.9
95046.78
94726.46
94045.39
93805.16
93786.19
93769.9
93954.97
94112.445
94334.875
93795.19
93581.96
93706.49
94428.36
95094.1
95384.92
95139.89
94740.06
94486.414
94641.98
93781.97
94249.81
94981.836
95167.86
95290.47
95621.71
95740.305
95411.164
95018.05
95048.31
94847.92
94885.086
95588.375
95863.3
95550.64
94945.24
94616.69
95035.86
95545.08
95473.24
94741.79
94279.51
93828.72
94004.016
95051.38
95895.1
95924.8
95385.305
94969.58
94611.32
94313.22
94693.89
94846.77
94495.99
93578.9
93722.58
93795.57
94437.37
94164.17
94317.055
94334.3
94615.92
95057.51
95134.72
94881.64
94572.24
94693.51
94648.87
94464.38
94047.695
93548.625
93749.41
93584.45
93119.68
93343.06
93459.35
93388.27
92822.16
92413.516
92241.86
92375.97
92600.5
93073.51
93348.62
93631.96
92342.44
92844.375
93885.42
94081.6
93889.26
93522.38
93883.32
94099.99
94288.51
93757.445
93809.17
94146.93
93767.8
93813.195
93768.945
93451.69
94705.195
94941.03
94828.57
94543.88
94515.15
94149.04
94052.484
94678.18
95094.484
95129.164
94860.375
94456.336
93761.664
93144.77
93502.07
94677.8
94774.36
94998.125
94859.8
94349.81
94202.875
95000.61
95143.914
94653.28
94724.55
94474.34
93912.82
93318.54
93562.61
94549.25
94295.984
94420.695
94359.01
94483.34
94483.92
94389.664
94540.055
94144.44
93955.54
94462.27
94043.67
93459.92
94626.836
94618.79
94468.98
94919.57
95161.92
95111.34
94612.28
94348.48
93626.22
94183.14
94627.22
94974.94
94935.48
94874.555
94704.43
94423.95
94764.97
95056.17
94815.93
94801.18
94566.3
93963.97
93684.266
93501.88
93304.17
93002.625
93408.39
93976.42
93871.25
93270.26
92324.24
93151.87
93735.61
94060.914
93938.69
93954.97
94153.25
94017.805
94129.305
94159.38
94038.5
93658.59
94205.36
94540.44
94582.97
94187.55
94112.445
94130.07
94503.27
94409.2
94529.71
94142.14
94148.84
94000.18
93797.11
94509.21
94473
94849.65
94807.69
94320.12
94169.34
93663.96
93845.38
94797.73
94558.64
94716.69
94697.53
94030.26
94173.56
95130.12
95171.695
95066.516
94774.55
94399.24
93693.66
94263.414
94601.55
94818.61
95154.45
95365.57
94945.44
95018.62
94948.31
94804.44
94803.664
94660.94
94027.96
94069.914
94029.49
94099.42
94390.81
94736.62
94978.96
94375.484
94324.72
94951.57
95594.89
95414.805
94722.25
94349.24
94261.875
94349.625
94285.25
93826.61
93885.42
93994.625
94308.625
93908.61
94131.984
94273.76
94385.06
93966.84
93513.76
93654.57
93945.96
93823.164
94097.12
94309.97
94271.266
93991.75
93957.266
93562.99
93351.11
92012.73
92301.25
93501.69
94302.875
94436.984
93768.75
93342.484
93684.45
94110.53
94069.73
93809.56
94375.68
94532.77
94436.79
94644.27
95027.81
94683.734
94222.61
94708.07
94584.305
94710.945
94723.78
94556.914
94075.086
93825.46
93184.24
93483.11
94020.68
93659.555
93745
94979.73
95198.7
94911.72
94328.93
93804.766
93863.77
94909.23
94968.62
94568.22
94119.15
94629.71
94582.97
94793.13
94758.45
94239.27
94848.12
94681.63
94301.16
94031.02
93685.414
94156.125
94681.055
94921.49
94771.484
94960.57
95131.66
95475.16
95328.02
94907.5
94699.445
94629.52
94732.78
94828.766
94511.125
94037.734
94165.13
94508.83
93506.86
94294.64
93693.84
94396.75
94920.53
95240.28
94858.46
94645.234
94511.51
94070.49
94129.12
94070.68
94132.945
94241.95
93796.73
93928.53
93978.53
94109
93491.16
90774.36
91813.484
92580.19
92983.27
92998.6
93974.7
93876.23
93876.61
93550.16
93412.03
93467.78
94336.41
94595.61
94485.07
94337.36
93982.17
94265.91
95266.72
95312.12
94684.125
93198.61
93375.82
94049.03
94083.516
94212.45
94115.9
93043.43
92792.46
94329.89
94469.555
94455.95
93999.61
94211.305
94157.47
93676.22
94117.05
94417.83
94355.37
94469.36
94841.984
94725.88
94093.67
93897.875
94082.37
94154.59
94006.12
94336.79
94504.61
94201.53
94067.81
95043.91
95008.086
94981.45
94717.07
94666.88
94653.66
94380.66
94203.06
94208.234
93926.62
93553.03
94244.06
94479.9
94728.95
94367.055
93811.28
94085.82
94589.67
94860.375
95121.69
94737.38
94190.99
94263.22
94452.31
94199.04
93437.7
93967.61
94179.88
93184.05
93161.445
92738.82
93004.92
92237.836
93391.15
93570.47
92972.734
93597.09
93704.38
93962.82
92518.695
93232.91
93295.74
92832.12
93535.22
93895.38
93746.15
93657.25
94127.58
94399.44
94111.68
93880.83
94237.36
94508.445
93688.67
93613.57
93858.414
94586.61
95086.82
94676.84
94076.05
93796.53
93845.766
94119.73
94350.39
93627.555
94250.58
93713.38
93953.44
94415.72
94146.164
93894.05
93865.695
94279.89
93859.18
94379.89
94715.92
94852.52
94831.06
94798.305
94591.4
94274.72
94387.37
93645.56
93322.37
94302.69
94647.336
95045.44
95107.7
94645.805
94581.82
94855.78
94636.03
94871.68
95015.75
94736.04
94732.4
95408.1
95443.734
94909.42
95016.32
95060.96
94969.96
94894.09
94832.21
94782.98
94665.73
94389.47
94149.805
94324.91
94446.18
94859.414
95098.89
95218.25
95180.695
94336.79
93396.13
93560.695
94468.41
94707.305
94209.195
93766.07
93613.57
94184.484
94109.95
94428.555
94321.84
93931.79
93147.46
94243.3
94186.2
94245.02
93716.64
93999.03
94010.72
93651.695
93386.55
92727.7
92771.58
93227.34
93945.58
93987.73
94081.8
93978.914
93940.984
93206.27
92052.58
93369.88
94096.164
93383.68
93315.86
92613.52
93427.93
94304.22
94968.81
94281.61
94224.33
94928.58
94997.55
94910.19
94762.48
94536.22
94798.49
94691.98
94405.76
94256.7
94007.266
93501.69
93032.89
93714.53
94038.88
93794.62
94063.79
94393.11
94398.664
94421.27
94614.195
94392.16
94362.266
94462.66
94225.48
93978.73
94389.47
94758.45
95318.25
95551.79
95141.04
94756.92
94790.26
94334.484
94477.41
94620.516
94396.56
94242.15
94140.23
94064.17
94065.7
94172.414
93972.78
93929.484
94087.734
94072.984
94458.25
94722.82
94809.61
94767.08
94717.266
94810.375
94433.92
93532.73
94281.99
94618.984
94254.6
94646.19
94622.24
94573.01
94724.35
94917.85
94959.805
94463.805
93940.79
93989.07
94013.21
93605.336
92868.71
92711.234
93422.57
94400.97
94745.05
94367.25
94047.695
93973.555
93458.97
93190.945
93034.43
92824.07
91784.75
92965.07
94163.41
94632.4
94537.18
94298.086
94244.64
94228.164
94238.51
94259.96
94059.766
94168.195
93958.61
93919.14
93875.27
93833.51
93949.03
93948.07
94478.75
95056.36
94890.836
94153.25
94766.695
94299.234
94124.33
94004.016
94095.586
94566.875
94898.305
94991.99
95021.49
95126.67
95212.12
95294.49
94912.484
94538.71
95159.05
95456.95
95328.79
94598.1
94585.84
94386.984
94222.22
94198.086
93984.086
93616.06
94366.1
94282.76
93891.555
93737.91
94534.5
95408.87
95433.39
94910.375
94810.18
94759.03
94380.086
93970.68
93026.766
94039.836
94190.61
94742.94
95153.69
94863.055
94247.32
94032.37
94418.4
94440.625
94528.75
94477.22
94385.445
94387.75
94580.67
94632.016
94680.1
94922.06
95242.38
95088.36
94930.875
94386.79
92717.555
92866.984
92984.234
93284.63
93396.7
93777.18
94131.984
93763.58
93067.95
93906.88
94103.06
93640.39
93468.164
92416.77
92070.016
92458.16
92077.29
92584.02
93025.61
93397.664
93677.945
94074.13
93943.664
93429.46
93790.016
93344.98
93146.5
93640.97
93782.734
93611.08
94100.375
93881.21
93931.41
93544.414
93612.234
94228.164
94506.72
94141.57
94662.86
95335.11
94681.82
94034.664
93663.766
93914.734
94263.8
94796.77
94937.195
94541.2
94491.97
94720.71
94810.18
94742.74
94336.59
94573.01
94807.88
94581.24
94161.3
94227.78
94649.64
95005.21
95165.18
95074.945
94624.16
94272.99
94776.66
94939.12
94677.99
94269.35
94345.6
94617.836
94715.92
94532.195
94363.61
94101.14
93837.15
93823.35
93365.09
92720.81
92845.72
93614.72
94709.41
94940.266
94987.586
94416.29
94544.46
94696.58
95174.95
95335.305
94977.43
94767.08
94630.86
94891.6
93573.15
93901.516
93958.61
93153.97
92523.29
92154.88
93049.56
93572.38
92930.016
92517.55
93169.49
93018.72
92879.63
93217.38
93585.6
93590.39
93330.8
92716.41
93492.305
93254.36
93639.24
94053.82
93913.97
94153.06
93912.625
93741.164
93167.19
93215.086
94147.31
94454.414
93989.64
94789.3
94916.89
95030.88
94977.625
94406.14
93975.66
94349.43
94672.055
94634.31
94540.82
93754.195
94296.94
94220.305
94200.19
94657.875
94749.836
94609.98
93993.28
93798.83
93858.6
94159.96
94775.31
94890.836
94982.22
95169.01
95437.99
95538.19
95372.47
95054.83
94698.11
94267.055
94354.6
94959.805
95169.97
94391.39
94131.984
93819.33
94377.78
94519.36
93770.09
93862.055
93655.15
93961.484
95225.72
94959.42
94428.36
94491.2
94775.31
94272.8
94697.73
94041.18
92463.71
92699.164
93098.03
93209.53
94349.05
94641.21
94557.87
94323.76
94032.75
93996.734
91508.11
92515.625
92606.24
92415.24
93187.305
92844.766
92724.06
92701.08
91497.57
91530.52
92323.28
92637.086
92914.12
93876.99
93532.15
93003.39
93123.89
94359.2
94300.195
94149.805
94418.98
94592.164
93979.11
94665.92
94494.08
94932.41
95040.46
94956.36
94484.305
93530.62
94036.39
94117.81
94592.734
94696.96
94251.73
93813.97
94042.71
94445.6
94565.53
94620.9
94418.21
93286.93
93246.89
92539
93425.44
93031.94
94111.3
94535.07
94398.48
94800.414
95032.8
95070.34
94747.15
94489.09
94735.66
94708.45
94482.39
94188.695
94150.766
94501.35
94625.305
95188.36
95321.89
94999.08
94787.19
94692.74
94172.22
94139.46
94803.09
94790.26
94524.16
94633.93
94794.47
94681.055
94779.53
94707.305
94268.2
94557.1
94590.82
94370.31
94832.98
94631.625
94090.8
93303.59
94435.07
94344.64
94306.516
94017.234
93756.11
93801.13
94048.266
93152.63
93219.11
93387.31
93230.984
92933.27
91689.53
91897.59
92654.52
92648.39
93177.34
94204.59
94528.37
94362.65
94275.1
94223.375
93717.6
93692.12
94178.734
94474.914
94617.45
94474.73
94248.47
94205.94
93913.586
93395.36
92911.81
92234.58
93792.31
93195.35
94048.65
94638.72
94732.016
94910.76
94291.19
94145.78
94058.42
94049.23
93991.37
93908.8
94173.75
94568.41
94532.01
95246.984
94424.72
93822.97
94759.8
94765.16
94830.875
94816.5
94813.25
94538.91
94570.7
94783.74
95283.38
95660.414
95713.29
95462.51
95007.51
95267.29
95437.03
95396.03
95190.086
94272.414
94522.234
95073.22
94873.98
94402.305
94492.16
94245.02
93727.18
92912.58
93132.13
93783.695
94585.46
93990.22
94311.305
94511.89
94912.1
94796.96
94728.57
95115.56
95265.375
95353.695
94975.7
94543.5
94217.625
93357.625
94738.53
95235.11
95280.7
94996.78
94780.68
94303.45
94685.66
94235.25
93634.45
94376.83
94346.75
93681.01
93662.234
93346.89
92527.695
91895.484
91944.914
91537.99
90914.016
92329.414
92518.88
92214.27
92404.32
92732.11
93032.51
93154.164
93053.2
94079.11
93882.36
93622.58
93046.11
93387.7
93294.59
93612.42
93997.305
94255.94
94048.65
93835.42
93623.34
94578.945
95111.92
95092.19
94855.2
94966.125
95113.45
95053.484
94809.23
95175.336
94929.16
94792.94
94846.195
94763.44
94993.91
95334.16
95207.33
94355.75
94366.1
94315.91
94745.234
95245.836
94785.66
94970.73
94679.33
94757.305
95048.695
95471.9
95272.66
94869.19
94924.94
95323.234
94893.13
95060.38
94916.125
95172.84
95187.016
95160.77
95201.39
95227.63
95126.29
94357.48
94446.75
94727.61
94272.23
92878.29
92957.03
94007.84
95135.67
95843.375
95463.85
95209.05
95261.55
95110.58
95395.65
95544.51
95111.92
94488.13
94519.36
94063.98
92996.305
92695.52
92019.625
91749.5
91611.945
90829.15
90591.2
92142.05
92483.83
92557.2
93826.61
94646.766
94541.78
94725.88
94464.766
94316.09
94278.164
94328.55
94538.14
94217.43
93969.336
94091.375
94455.19
94893.516
94978.39
94756.54
94550.2
94492.734
94283.53
94437.75
94421.85
94110.914
93108.95
94061.3
95028.77
94651.555
94008.23
93876.23
94073.94
94386.984
94418.21
93999.23
94361.12
94104.016
94270.12
94580.67
94295.21
93987.73
94589.09
94591.78
93948.266
93578.13
93924.51
94175.86
94546.19
94545.03
94639.1
95111.34
95052.53
94940.266
94630.86
93782.35
93443.26
94646.19
94732.21
94514
94931.45
95089.695
94971.11
94993.72
94763.24
94715.35
94139.46
94240.805
94651.94
95379.94
95305.03
94586.8
94081.22
94582.2
94707.49
94576.836
94537.375
94209.195
94265.33
94301.34
94347.13
94449.44
94061.484
93533.3
93626.6
93178.11
93379.84
93587.9
93673.34
93983.13
93996.16
93892.7
93336.164
93056.266
94333.15
94681.055
94195.78
93706.875
93510.695
93542.88
94016.08
94106.51
93717.984
93693.46
93284.25
94330.66
94643.51
94532.39
94811.14
95038.164
94957.695
95063.836
94784.32
94468.59
94243.87
93701.125
93835.42
94341.58
94580.28
94429.32
94032.94
94337.17
94405.18
94383.34
94241.766
94520.516
94582.39
95045.83
95286.26
94868.42
95196.41
95409.63
95515.39
95008.66
94548.87
94474.34
94523.195
95319.21
94870.72
94014.36
93453.03
93471.23
93332.91
93886.95
95028.2
95369.41
95376.49
94961.336
94923.21
95067.28
94579.516
93709.555
93766.836
94584.88
94701.555
95214.99
95512.9
95039.88
94463.23
94586.99
94489.48
94518.21
94868.805
94747.53
94684.51
94950.03
95331.47
95365.38
95049.08
94514.766
94666.69
94819.57
95312.89
94555
94652.125
94944.48
94515.15
94051.52
92564.48
92407.38
92464.86
92575.016
92072.31
92049.9
92225
92008.13
91849.695
93359.92
94063.98
94532.195
94442.54
94356.91
94247.125
94049.8
93024.84
91168.055
92886.336
93585.02
93360.69
94843.9
94969
94723.97
94718.61
94504.42
93481.95
94189.08
94379.51
93901.33
93547.48
93240.76
94895.44
95155.984
95241.234
95258.86
95169.586
94778.375
94356.14
94054.016
93860.516
94119.15
94024.7
94144.055
94308.81
94346.555
94470.51
94421.85
94260.73
94169.34
93743.08
94517.64
94245.79
94993.14
94694.85
94158.234
93832.55
93704.57
95402.35
95748.92
95293.34
95013.26
94801.75
94727.42
94830.875
94500.78
94427.41
94605.19
95199.85
95576.5
95354.266
94905.97
94381.42
94267.44
94583.35
94641.21
94298.664
93864.16
94793.516
95317.484
95397.18
95120.92
94617.45
94733.93
94823.78
94088.305
93424.87
93547.09
93440.195
92988.06
93434.06
94411.88
90898.31
92469.45
93333.484
93088.64
92701.46
92877.14
93321.414
93218.73
92973.89
92844.19
92983.086
93494.6
93799.02
93635.6
93312.984
92683.64
92618.51
93452.65
93491.54
93107.03
92951.85
92676.94
92020.77
91171.31
92725.22
94081.8
94367.82
94021.83
94286.21
94527.984
93134.81
92347.99
92015.414
94255.37
94147.695
93622.96
94461.51
95092.766
94615.34
94565.53
94475.11
93995.77
93958.23
94743.7
95044.29
95214.23
95101.58
94535.07
94310.16
94771.29
95284.15
94826.08
94225.48
93909.56
94190.99
94900.03
94990.65
94659.22
94725.31
94748.69
94950.61
93917.42
93602.84
94389.85
94617.26
95014.98
94213.984
94794.086
93946.92
94284.1
95183.57
95192.766
95059.81
95072.266
95135.1
95039.31
94753.09
94680.484
94313.03
94521.47
94569.37
94503.27
94088.88
94031.22
95050.04
95457.15
95274
94749.07
94583.54
94643.89
94446.945
94423
92695.52
93180.984
93352.64
93397.85
93279.266
93304.94
93459.16
93056.84
92750.89
92830.2
91840.88
92333.055
91454.47
91333.195
91010.38
92387.08
92899.555
93351.49
94068.96
94232.57
94000.375
93514.91
92480.375
93027.72
94053.63
95063.836
95592.59
95610.6
95380.9
94759.984
94477.6
94486.8
95136.83
95061.34
94940.266
94880.49
94721.86
94932.22
95119.01
95234.15
95277.83
95266.91
95240.85
94876.27
94500.586
94268.97
94218.97
94226.82
94787.19
94671.86
94464.38
94660.94
94407.29
94738.72
95151.96
95869.81
95798.16
94928.195
94537.18
94152.3
93464.91
94594.46
95073.984
95082.61
95061.73
95093.15
94811.33
94692.36
95091.23
95221.89
95009.805
94838.73
95189.7
94821.1
94451.16
94379.125
94502.695
94302.11
94166.47
94554.04
94801.56
94481.05
93740.59
94174.33
93992.516
94538.91
94366.29
94905.016
94837.195
94628.56
94483.92
94113.41
93537.516
93159.914
92895.72
92819.86
93517.016
93811.86
94401.734
94351.16
94484.49
93843.27
93609.93
94988.92
95272.08
94537.76
92848.4
90669.18
92311.41
93989.64
94850.414
95248.13
95177.63
95077.055
94841.41
94301.92
93872.97
93381.95
93908.414
93789.06
94262.45
94393.305
94451.16
94629.91
94254.41
94254.02
94722.82
94370.695
93526.41
94595.04
95309.055
94869.766
94864.016
94990.08
95018.62
95379.17
95227.63
95138.164
94934.13
95294.69
95551.41
95143.53
95143.336
94891.414
95273.04
95073.984
95182.805
95006.36
94782.016
94882.41
94677.8
94796.01
94628.375
94764.2
94878.38
94539.48
95220.55
95740.49
95668.266
95610.22
95375.914
94766.5
93454.945
94080.64
94905.97
95096.78
94786.81
94482.77
94183.71
94883.17
95014.59
95125.91
95053.484
95571.52
95797.39
95435.88
94833.74
94406.33
94526.836
94737.95
95193.73
95077.44
94739.68
93870.1
93612.04
93758.41
93006.45
92398.766
93467.78
93919.336
94102.68
93894.81
94704.81
95100.234
94912.68
94551.36
94482.77
94566.11
94641.98
94777.23
94649.83
94283.53
94056.89
94361.31
94481.234
95224.57
95252.16
94855.97
94230.08
94323.19
93611.27
94660.555
93986.77
93013.55
93789.83
94594.84
94764.01
94506.72
94185.25
93764.73
93659.17
94410.734
94512.086
94157.47
94784.7
95571.52
95581.484
95288.75
95142.19
95039.88
94388.32
94055.74
94749.26
94309.77
93996.35
94523.766
94926.086
95128.97
94436.22
95088.93
95386.65
95574.97
94991.23
94795.81
94297.516
93822.97
95271.125
95825.94
95663.48
95249.86
94972.64
94723.78
94470.125
94459.016
94477.41
94741.21
94670.516
94208.234
94119.15
94774.74
95571.14
95620.375
95382.24
95504.66
95789.73
95444.12
94957.31
94781.445
94515.336
94370.695
94122.41
93860.516
93095.54
92325.39
93496.33
94279.51
92156.414
90465.72
92849.36
92818.13
91634.555
91825.555
93230.6
93056.65
92173.85
92179.98
92634.22
92565.82
92958.56
93465.87
94299.81
94227.586
94618.984
94751.37
94300.39
93749.41
93448.625
93413.76
93987.34
94539.29
94569.555
94655.96
94277.4
93511.08
93462.8
93404.56
93299.766
93827.375
94034.86
94145.2
94374.336
94210.34
94399.82
94641.4
95235.3
94950.8
94113.59
94074.13
94266.09
94386.59
93897.49
94832.21
94697.53
94570.7
94644.46
94231.805
94336.21
94646.38
95220.164
95261.734
95268.63
94777.23
94708.836
95169.2
95087.78
95103.68
95095.445
94977.43
95052.53
95086.44
94977.05
94768.03
94636.99
94184.67
94127.195
94011.67
94387.37
94544.84
94191.95
94556.53
94962.87
94354.22
93573.15
93936
94481.05
94701.17
94109.766
94017.805
93848.06
94035.05
94379.125
94318.78
94752.9
94622.05
94072.22
94061.1
94201.53
94713.81
93485.41
93510.5
93691.35
93254.36
92384.97
92745.91
93101.48
93419.88
92699.35
92679.62
93148.03
92481.91
92599.35
92472.14
93232.91
92974.27
94070.49
94009.76
93936.96
93480.62
93828.14
94441.58
94389.086
94412.08
94661.7
94707.69
94909.04
94759.6
94677.03
94519.74
94244.25
94094.44
93787.14
93884.086
94351.92
94147.125
93754
93007.22
93936.58
94448.48
95009.04
95072.836
94719.945
95056.36
94888.92
94894.67
93724.305
94925.9
94844.48
94754.625
94805.2
94826.85
94482.01
94511.31
94626.65
94734.51
95023.02
94663.81
94617.07
94578.945
94413.99
94418.98
95052.336
94647.15
94682.78
94720.71
94775.125
95048.695
95376.68
95416.53
95232.62
94577.6
94103.25
94793.7
95651.984
95478.984
95117.664
94955.78
94869
95223.04
94923.59
94654.81
94979.92
95015.36
94771.484
93930.83
93055.12
94207.47
94848.5
94581.625
94244.64
94173.37
93211.06
93237.695
93141.91
92089.94
93286.55
92807.98
92026.14
92031.125
92194.54
92547.81
92901.664
91857.164
93057.414
93567.98
93962.82
93550.92
93260.3
92765.06
93558.78
93933.89
94881.445
94730.1
94057.84
93989.07
93993.09
93684.65
94486.03
94827.62
94903.484
94612.47
94930.49
94519.36
94230.84
94437.17
94662.28
94953.67
94831.26
94205.17
93889.445
94667.266
94696.96
94311.12
94903.29
94025.47
94765.35
95080.5
95104.83
95132.04
94789.68
94590.44
94384.49
95009.805
95256.56
94940.45
95056.36
95294.11
95497.95
95234.53
94813.25
94925.9
95111.92
95302.734
95374
95150.62
95406.76
95409.06
95226.3
95116.33
95063.26
94887.58
94198.47
93680.82
94138.695
94463.23
94415.91
94464.19
94396.56
94791.59
95287.22
94864.59
94855.586
95173.61
95407.72
95363.84
95147.17
95357.72
95408.3
94831.26
94233.14
93295.164
93341.53
94471.47
92471.56
92759.7
92856.64
92938.63
92183.62
93205.51
93535.6
93648.63
94349.43
94181.23
93251.68
92977.91
93521.42
93708.59
93996.54
92822.73
92434.78
91983.03
92276.54
93368.54
93260.68
92618.695
93237.12
93668.75
94062.445
93963.2
93921.44
93908.414
93957.46
94626.45
95142.38
95243.53
94952.72
95531.86
95183.766
94720.91
94076.05
95044.484
95321.7
95149.47
95176.484
94958.08
94940.266
94541.97
94941.03
95131.266
95328.59
95233.766
94908.66
94784.89
95346.984
95284.34
94907.89
94619.37
94300.39
94221.836
94864.4
94967.85
94792.17
94495.03
93458.586
93872.4
93004.92
94903.67
95175.91
95966.555
95248.33
94294.26
94386.21
94681.82
94932.41
95047.36
95444.31
95801.61
95682.25
95445.65
95296.03
95233.19
94710.37
94068.195
94661.7
94674.92
94533.16
94488.71
94105.55
93929.875
94683.734
94340.234
94518.41
94002.09
93606.87
93597.48
93204.36
92928.484
92850.32
92930.98
93730.44
94063.79
94408.63
94748.875
94959.234
94760.75
94586.8
94684.51
94588.14
94465.336
94516.68
94568.984
94709.6
94450.01
93797.3
93440.96
93216.62
93458.2
93092.664
93469.125
93732.35
93617.02
93521.234
94363.03
93791.93
93800.36
94044.055
94204.59
94425.68
94441.58
94427.21
94473.58
94916.7
95236.445
95390.29
94996.2
94191.57
94953.67
95528.23
95319.59
94985.67
94902.14
95037.586
95141.805
95048.695
95254.07
95063.64
94896.586
95365.57
95391.82
95137.016
94799.26
94970.53
94881.445
94803.86
94885.47
95351.78
95235.3
94973.79
94435.45
94492.16
94758.07
94991.99
94876.85
94859.61
94894.28
94807.69
94756.16
94778.95
94596.375
94506.336
93842.89
93804.195
92899.74
94794.086
95038.93
94857.695
95190.47
95043.52
94725.31
94299.234
94599.445
94118.195
93707.06
94058.04
94548.29
94919.95
94780.1
91356.57
91116.71
91692.79
92290.91
92667.164
93741.36
93931.79
93135.195
93117.57
93481.57
93095.92
92736.516
93363.37
94138.695
94674.35
94697.53
94147.125
93486.75
93480.42
93417.97
93224.664
94856.16
95308.87
95106.94
94993.91
94899.84
94605
94407.67
94470.32
94526.26
94356.91
94463.61
94984.33
95014.98
94769.95
94206.9
94314.945
94903.09
95218.44
95477.07
95280.51
95358.67
95704.67
95416.34
94842.555
94855.78
95268.25
95575.55
95418.64
94944.09
94222.22
94578.37
94974.94
94664.195
95209.82
95706.97
94834.32
95046.98
95430.9
95774.41
95697.39
95586.08
95358.29
95299.28
95756.2
96005.64
95832.26
95655.24
95542.59
95870.38
96069.055
95986.484
95659.45
95101.766
94645.42
94598.1
94615.73
94935.664
95325.73
95719.805
95755.24
95664.625
95405.04
95231.85
95137.016
94953.1
94636.23
94444.07
94987.2
94121.64
93638.29
94475.3
